1
1
4
5
5
9
9
11
12
14
14
15
15
16
17
18
18
19
19
19
19
19
19
19
20
24
25
26
27
27
27
27
28
29
30
30
30
31
32
32
33
33
36
37
38
39
40
44
47
48
50
51
54
58
61
62
67
67
67
69
70
70
70
73
73
74
75
75
77
79
79
81
81
86
87
88
89
89
89
90
91
92
93
94
95
96
96
100
102
102
103
104
109
110
110
113
113
116
116
117
119
119
120
123
124
125
126
126
127
128
128
129
129
129
129
130
131
132
132
133
133
135
135
139
140
141
141
142
143
144
144
145
146
146
148
148
150
150
153
154
158
160
160
162
163
163
165
167
170
171
171
171
173
173
175
176
176
176
178
178
179
180
181
181
181
181
182
183
184
186
187
188
188
189
189
189
191
191
191
192
193
195
195
196
197
197
197
201
202
203
204
204
204
207
207
208
209
209
210
210
210
210
210
211
211
212
212
213
213
216
217
217
219
220
220
221
221
221
222
222
223
223
224
226
227
228
230
231
232
233
234
234
234
235
236
241
241
243
244
244
246
247
250
250
250
250
251
253
253
253
254
254
254
254
256
256
256
257
260
264
266
267
267
267
269
269
271
272
275
275
275
276
276
277
277
278
281
284
286
287
287
287
289
289
290
292
292
293
294
295
295
298
300
301
301
303
303
304
306
306
306
308
311
311
311
312
313
313
314
314
315
317
318
318
325
325
325
327
328
330
330
331
331
332
333
334
334
335
336
337
338
338
338
338
341
341
342
344
345
346
346
347
348
348
349
350
351
351
351
353
354
356
357
357
358
358
363
364
364
365
365
367
369
369
370
370
373
374
375
376
377
377
378
378
379
379
380
380
382
383
384
384
385
386
386
386
387
388
390
391
391
391
391
393
394
394
395
396
396
397
398
399
402
402
403
403
404
406
406
407
410
412
413
416
416
417
417
417
417
419
419
420
423
423
425
425
427
428
428
429
430
431
432
433
435
436
438
439
441
441
444
445
445
447
448
448
450
452
452
453
453
454
455
459
460
462
466
467
468
469
469
472
472
472
472
473
475
476
476
478
479
479
479
479
479
480
481
482
483
483
483
484
484
484
485
486
487
487
487
489
489
490
490
493
493
493
495
495
499
500
