441
181
363
241
256
110
221
452
48
27
125
275
303
384
338
87
277
341
19
314
325
211
141
327
336
25
113
417
219
430
342
254
32
276
135
484
281
346
197
256
26
196
148
290
447
472
410
473
175
402
119
181
193
192
436
77
379
244
293
393
493
455
346
37
15
250
201
30
129
227
93
267
251
211
191
444
140
5
347
350
287
487
96
92
184
241
146
325
18
256
399
295
427
19
278
391
128
40
387
246
397
86
330
367
331
129
141
88
183
303
160
318
14
486
292
428
232
364
223
39
337
19
207
145
176
487
81
386
484
412
132
388
383
17
212
19
144
495
195
250
344
306
357
373
370
116
197
127
69
396
271
189
375
110
113
479
133
204
313
73
131
419
345
483
195
380
244
294
313
210
356
163
171
351
180
210
16
317
75
119
33
459
338
472
432
338
479
36
391
493
484
117
416
91
289
439
423
187
266
123
312
179
220
81
385
126
14
153
220
413
234
167
267
67
338
253
448
51
116
335
19
466
253
315
160
143
395
448
50
94
429
73
478
189
425
224
62
133
425
479
104
264
394
1
27
135
433
182
124
276
490
328
423
181
481
230
272
404
431
334
391
489
19
126
476
468
301
247
348
460
453
11
158
20
254
30
29
382
499
402
479
479
472
171
428
19
4
390
391
384
18
217
267
253
453
213
217
417
419
216
354
203
120
67
163
222
380
210
67
30
129
480
334
485
142
209
311
204
349
154
483
173
178
292
70
306
32
75
269
365
462
374
9
250
295
348
15
277
70
58
221
304
210
370
441
12
407
144
234
417
210
254
308
454
260
379
44
178
472
1
476
213
228
128
416
330
61
129
130
311
234
369
469
209
289
132
475
186
235
89
300
222
306
231
275
284
103
298
377
208
27
376
493
96
95
204
109
173
243
221
176
27
417
445
207
250
236
495
435
139
341
9
254
377
358
102
445
378
79
452
257
89
331
275
403
47
150
287
100
396
189
269
170
394
197
398
351
191
406
188
333
162
378
74
212
102
287
24
233
482
31
403
89
90
369
223
325
181
171
28
301
38
469
386
54
33
191
365
406
314
467
5
357
438
420
146
364
450
489
353
490
176
70
318
311
188
500
483
165
79
202
150
386
358
286
332
487
351
148
226
